rho(n) <= min over CONSTRUCTED lattice configurations of max(sqrt r, M/3)
   n     a_Oler      rho<=        (r,M)  Oler RHS  tight?  gain in d  best family
   3   1.000000   1.000000 (1.000,3.000)    3.0000    True   0.000000  T(2)-cut(1,1,1)
   4   1.372281   1.414214 (2.000,4.000)    4.0000    True   0.083864  T(2)-cut(1,0,1)
   5   1.701562   1.732051 (3.000,5.000)    5.0000    True   0.060977  T(2)-cut(0,0,1)
   6   2.000000   2.000000 (4.000,6.000)    6.0000    True   0.000000  T(3)-cut(0,1,2)
   7   2.274917   2.333333 (5.000,7.000)    7.0000    True   0.116832  T(3)-cut(0,0,2)
   8   2.531129   2.645751 (7.000,7.000)    8.0000    True   0.229245  T(4)-cut(2,1,2)
   9   2.772002   2.828427 (8.000,8.000)    9.0000    True   0.112851  T(4)-cut(2,0,2)
  10   3.000000   3.000000 (9.000,9.000)   10.0000    True   0.000000  T(3)-cut(0,0,0)
  11   3.216991   3.316625 (11.000,9.000)   11.0000    True   0.199268  T(4)-cut(0,1,2)
  12   3.424429   3.464102 (12.000,10.000)   12.0000    True   0.079345  T(5)-cut(3,2,0)
  13   3.623475   3.741657 (14.000,10.000)   13.0000    True   0.236364  T(5)-cut(3,1,1)
  14   3.815073   3.872983 (15.000,11.000)   14.0000    True   0.115821  T(4)-cut(0,0,1)
  15   4.000000   4.000000 (16.000,12.000)   15.0000    True   0.000000  T(5)-cut(3,0,0)
  16   4.178908   4.242641 (18.000,12.000)   16.0000    True   0.127465  T(6)-cut(4,1,1)
  17   4.352350   4.358899 (19.000,13.000)   17.0000    True   0.013098  T(6)-cut(0,1,4)
  18   4.520797   4.582576 (21.000,13.000)   18.0000    True   0.123557  T(5)-cut(0,2,0)
  19   4.684658   4.690416 (22.000,14.000)   19.0000    True   0.011515  T(7)-cut(1,1,5)
  20   4.844289   4.898979 (24.000,14.000)   20.0000    True   0.109381  T(5)-cut(1,0,0)
  21   5.000000   5.000000 (25.000,15.000)   21.0000    True   0.000000  T(5)-cut(0,0,0)
  22   5.152067   5.196152 (27.000,15.000)   22.0000    True   0.088170  T(6)-cut(0,0,3)
  23   5.300735   5.385165 (29.000,15.000)   23.0000    True   0.168859  T(7)-cut(0,4,2)
  24   5.446222   5.477226 (30.000,16.000)   24.0000    True   0.062007  T(8)-cut(5,0,3)
  25   5.588723   5.656854 (32.000,16.000)   25.0000    True   0.136262  T(7)-cut(1,0,4)
  26   5.728416   5.744563 (33.000,17.000)   26.0000    True   0.032293  T(7)-cut(0,0,4)
  27   5.865460   5.916080 (35.000,17.000)   27.0000    True   0.101240  T(6)-cut(0,0,1)
  28   6.000000   6.000000 (36.000,18.000)   28.0000    True   0.000000  T(6)-cut(0,0,0)
  29   6.132169   6.164414 (38.000,18.000)   29.0000    True   0.064490  T(8)-cut(0,1,5)
  30   6.262087   6.324555 (40.000,18.000)   30.0000    True   0.124936  T(7)-cut(0,0,3)
  31   6.389867   6.403124 (41.000,19.000)   31.0000    True   0.026515  T(9)-cut(6,0,2)
  32   6.515610   6.557439 (43.000,19.000)   32.0000    True   0.083658  T(9)-cut(1,1,6)
  33   6.639410   6.666667 (44.000,20.000)   33.0000    True   0.054513  T(9)-cut(0,6,1)
  34   6.761356   6.855655 (47.000,19.000)   34.0000    True   0.188598  T(7)-cut(1,1,0)
  35   6.881527   6.928203 (48.000,20.000)   35.0000    True   0.093352  T(7)-cut(1,0,0)
  36   7.000000   7.000000 (49.000,21.000)   36.0000    True   0.000000  T(7)-cut(0,0,0)

assertion checked for every n above: rho_upper >= a_Oler  (C2 is never worse than Oler)

triangular n: gain must be exactly 0 -> {3: 0.0, 6: 0.0, 10: 0.0, 15: 0.0, 21: 0.0, 28: 0.0, 36: 0.0}
