10080 39312
12600 48360
15120 59520
18480 71424
20160 79248
22680 87120
25200 99944
27720 112320
30240 120960
32760 131040
35280 137826
36960 145152
37800 148800
40320 159120
41580 161280
42840 168480
43680 169344
45360 180048
46200 178560
47520 181440
47880 187200
49140 188160
50400 203112
51480 196560
52920 205200
55440 232128
57960 224640
60480 243840
63000 243360
65520 270816
68040 262080
69300 270816
70560 280098
73080 280800
73920 292608
75600 307520
78120 299520
79200 304668
80640 318864
81900 315952
83160 345600
85680 348192
87360 341376
88200 344565
90720 365904
92400 369024
95040 365760
95760 386880
97020 373464
98280 403200
100800 409448
102960 406224
105840 424080
109200 430528
110880 471744
113400 450120
114240 438912
115920 464256
118800 461280
120120 483840
120960 489600
124740 487872
126000 502944
127680 487680
128520 518400
129360 508896
131040 550368
134640 522288
136080 541632
138600 580320
140400 538160
141120 564642
142560 548856
142800 553536
143640 576000
146160 580320
147420 569184
147840 587520
150480 580320
151200 624960
152880 593712
154440 604800
156240 619008
157080 622080
158400 614172
158760 620730
159120 609336
159600 615040
161280 638352
163800 677040
166320 714240
171360 707616
173880 691200
174720 685440
175560 691200
176400 712101
180180 733824
181440 737616
182160 696384
184800 749952
185640 725760
186480 735072
187200 716534
189000 748800
190080 734400
191520 786240
193200 738048
194040 800280
196560 833280
199920 763344
201600 822120
201960 777600
203280 791616
204120 786960
205920 825552
206640 812448
207480 806400
207900 833280
211680 861840
212520 829440
214200 870480
216720 851136
218400 874944
219240 864000
221760 950976
225720 864000
226800 930248
228480 881280
229320 933660
231000 898560
231840 943488
234360 921600
235620 943488
236880 928512
237600 937440
239400 967200
240240 999936
241920 981120
245700 972160
246960 967200
249480 1045440
251160 967680
252000 1022112
255360 979200
257040 1071360
257400 1015560
258720 1034208
262080 1109472
263340 1048320
264600 1060200
267120 1044576
267960 1036800
269280 1061424
271320 1036800
272160 1100736
273000 1048320
277200 1199328
278460 1100736
279720 1094400
280800 1093680
282240 1133730
283920 1089216
285120 1106424
285600 1124928
286440 1105920
287280 1190400
288288 1100736
289800 1160640
291060 1149120
292320 1179360
294840 1219680
295680 1177344
297360 1160640
299880 1200420
300300 1166592
300960 1179360
302400 1259840
304920 1244880
305760 1206576
307440 1199328
308880 1249920
309960 1209600
311220 1223040
312480 1257984
314160 1285632
315000 1218360
316680 1209600
316800 1233180
317520 1282842
318240 1238328
318780 1257984
319200 1249920
321300 1249920
322560 1277328
323400 1272240
325080 1267200
327600 1399216
332640 1451520
335160 1333800
336600 1305720
336960 1290828
337680 1315392
340200 1354080
341880 1313280
342720 1426464
343200 1312416
343980 1340640
346500 1362816
347760 1428480
349440 1373568
351120 1428480
352800 1447173
355320 1382400
355680 1375920
356400 1395372
357840 1392768
359100 1388800
360360 1572480
362880 1481040
364320 1415232
365400 1450800
367200 1406160
367920 1431456
369600 1511808
370440 1440000
371280 1499904
372960 1493856
374220 1467648
374400 1438710
376200 1450800
376740 1467648
378000 1547520
378840 1451520
380160 1471680
382200 1484280
383040 1584960
385560 1568160
386400 1499904
388080 1653912
390600 1547520
392700 1499904
393120 1693440
396000 1533168
397320 1520640
397800 1523340
398160 1547520
399840 1551312
400680 1555200
401940 1572480
403200 1647464
403920 1607040
405720 1600560
406560 1608768
406980 1572480
408240 1626384
409500 1589952
411840 1664208
413280 1651104
414960 1666560
415800 1785600
418320 1624896
420420 1608768
421200 1627934
423360 1737360
425040 1714176
425880 1712880
427680 1651104
428400 1798992
429660 1677312
430560 1651104
430920 1742400
432432 1666560
433440 1729728
434280 1658880
434700 1666560
436800 1763776
438480 1785600
441000 1733940
442260 1712256
443520 1909440
446040 1728000
446880 1723680
448560 1740960
449280 1716960
449820 1723680
451440 1785600
453600 1890504
455400 1740960
456960 1766016
457380 1787520
458640 1929564
459360 1769040
461160 1785600
462000 1857024
463320 1829520
463680 1901952
466200 1837680
468000 1788696
468720 1904640
470400 1802340
471240 2021760
473760 1886976
475020 1834560
475200 1889760
476280 1867320
477360 1874880
478800 1998880
480480 2032128
483840 1964160
485100 1929564
487200 1874880
488880 1895712
491040 1886976
491400 2083200
492660 1886976
493920 1965600
498960 2160576
499800 1908360
502320 1999872
504000 2060448
506520 1958400
507780 1956864
508200 1979040
509040 1973088
510720 1962240
511560 2000700
512820 1991808
514080 2177280
514800 2098824
516600 2031120
517440 2084832
519120 2011776
520800 1999872
521640 2090880
522720 2010960
524160 2227680
526680 2246400
529200 2191080
533520 2083200
534240 2122848
535500 2044224
535920 2142720
536760 2073600
538560 2139696
539280 2089152
540540 2257920
540960 2068416
541800 2127840
542640 2142720
544320 2218944
546000 2166528
546480 2142720
546840 2134080
549360 2127840
551880 2131200
554400 2437344
556920 2358720
559440 2261760
561600 2204720
564480 2271906
566280 2178540
567000 2265120
567840 2213568
568260 2201472
569520 2205216
570240 2221560
571200 2267712
572880 2285568
573300 2251158
574560 2419200
576576 2218944
579600 2398656
582120 2462400
583440 2249856
584640 2377440
586080 2240784
589680 2520672
591360 2356992
592200 2321280
594000 2321280
594720 2358720
595980 2306304
597240 2304000
599760 2480868
600600 2499840
601920 2377440
604800 2529600
605880 2352240
606060 2323776
609840 2572752
611520 2432304
612360 2361600
614880 2437344
617400 2418000
617760 2540160
619920 2499840
621600 2374848
622440 2620800
623700 2520672
624960 2535936
627480 2419200
628320 2612736
630000 2517944
633360 2499840
633600 2471196
635040 2607066
636480 2496312
637560 2695680
638400 2519680
638820 2459520
640080 2476032
642600 2678400
645120 2555280
645840 2499840
646800 2629296
650160 2618880
651420 2515968
652080 2499840
652680 2534220
655200 2843568
656880 2571264
657720 2613600
660240 2553408
665280 2926080
667800 2611440
669240 2569320
670320 2756520
671580 2568384
672840 2592000
673200 2698488
673920 2591820
675360 2673216
677040 2666496
677160 2613600
679140 2620800
680400 2798432
683760 2714112
685440 2864160
686400 2645664
687960 2872800
689040 2678400
690480 2669472
693000 2920320
695520 2903040
697680 2678400
698880 2749824
700560 2708160
702000 2708160
702240 2903040
703080 2787840
704340 2690688
705600 2917317
706860 2903040
709800 2723040
710640 2856960
711360 2773680
711480 2729160
712800 2835756
714000 2785536
715680 2830464
716040 2744280
718200 2976000
720720 3249792
723240 2800980
725760 2967888
728280 2873520
728640 2852928
730800 2998320
733320 2822400
734160 2856960
734400 2834640
734580 2830464
735840 2909088
736560 2856960
737100 2940784
739200 3035520
740880 2976000
742560 3048192
743400 2901600
745920 3011424
748440 3144960
748800 2883062
749700 2894346
750960 2901600
752400 2998320
753480 3144960
756000 3144960
757680 2999808
758520 2934360
760320 2946240
761040 2940288
762300 3001544
763560 2937600
764400 3067512
766080 3182400
768600 2998320
771120 3240864
772200 3124800
772800 3023616
776160 3361176
778680 2995200
781200 3198208
784080 2993298
785400 3214080
786240 3413760
790020 3225600
791280 3056352
792000 3090672
793800 3207105
794640 3142656
795600 3148236
796320 3144960
798000 3095040
799680 3127248
801360 3214080
803880 3369600
806400 3298152
807840 3265920
808080 3166464
808920 3110400
811440 3307824
813120 3243072
813960 3369600
814320 3124800
816480 3305232
817740 3144960
819000 3407040
819720 3136320
820800 3149600
821520 3172416
823680 3341520
824040 3168000
826560 3328416
828240 3214080
829080 3201120
829920 3386880
831600 3690240
835380 3386880
836640 3302208
837900 3215940
839160 3310560
840840 3447360
841680 3249792
842400 3308382
844200 3288480
845460 3249792
846720 3488400
850080 3483648
851760 3539952
854280 3283200
855360 3328416
856800 3656016
859320 3594240
861120 3328416
861840 3600960
864864 3386880
866880 3486912
868560 3428352
869400 3571200
870480 3333120
871200 3376737
871920 3365856
873180 3476088
873600 3541440
875160 3538080
876960 3628800
877800 3571200
879120 3392640
882000 3583476
884520 3669120
885360 3428352
887040 3826368
889200 3498040
892080 3571200
893760 3474720
894600 3481920
895440 3499776
897120 3538080
898560 3437280
899640 3693600
900900 3791424
902160 3481920
902880 3628800
905520 3571200
907200 3811016
909720 3566160
910800 3597984
912240 3520608
913920 3535488
914760 3830400
917280 3921372
918720 3566160
919800 3578640
922320 3690240
924000 3773952
925680 3571200
926640 3781008
927360 3818880
928200 3749760
928620 3564288
929880 3659040
930240 3566160
932400 3797872
933660 3763200
934920 3601260
936000 3605784
937440 3870720
939120 3666432
940800 3611748
942480 4178304
945000 3748800
947520 3803904
950040 3931200
950400 3794400
952560 3859128
954720 3810240
956340 3870720
957600 4062240
960120 3686400
960960 4096512
962640 3714048
963900 3781008
966000 3714048
967680 3930240
970200 4134780
971040 3713472
972720 3752736
974160 3749760
974400 3779520
975240 3833280
977760 3852576
978120 3931200
979440 3856896
982080 3803904
982800 4305280
984060 3773952
985320 4043520
987840 3962400
989520 3809280
990360 3801600
992880 3830112
995400 3868800
997920 4390848
999600 3943944
1002960 3868800
1004640 4064256
1005480 4104000
1008000 4137120
1009008 3859128
1009800 4017600
1010880 3883152
1011780 3878784
1013040 4047360
1015560 4193280
1016400 4090016
1018080 4009824
1020600 4065960
1021020 4064256
1021440 3928320
1021680 3928320
1023120 4134780
1025640 4268160
1026480 3999744
1028160 4389120
1029600 4265352
1031940 4055436
1033200 4197648
1034880 4186080
1035720 3974400
1037400 4166400
1038240 4088448
1039500 4193280
1040760 4001400
1041600 4031488
1043280 4321152
1045440 4053840
1045800 4062240
1048320 4464096
1050840 4032000
1053360 4642560
